PACIFIC,Ocean,Equatorial.Pacific-Ocean,EPO,155.0|-10.0,132.0|5.0,132.0|7.6,180.0|7.6,180.0|-10.0,,,,,,,,,
PACIFIC,Ocean,Equatorial.Pacific-Ocean,EPO*,-180|-10.0,-180|7.6,-91.7|7.6,-83.4|2.2,-83.4|-10.0,,,,,,,,,
PACIFIC,Ocean,S.Pacific-Ocean,SPO,180.0|-10.0,180.0|-30.0,155.0|-30.0,155.0|-10.0,,,,,,,,,,
PACIFIC,Ocean,S.Pacific-Ocean,SPO*,-180.0|-56.0,-180.0|-10.0,-83.4|-10.0,-74.6|-20.0,-79.0|-47.0,-79.0|-56.0,,,,,,,,
ATLANTIC,Ocean,Equatorial.Atlantic-Ocean,EAO,-34.0|-10.0,-34.0|0.0,-50.0|0.0,-50|7.6,-20.0|7.6,8.0|0.0,8|-10.0,,,,,,,
ATLANTIC,Ocean,S.Atlantic-Ocean,SAO,-56.0|-56.0,-56.0|-40.0,-34.0|-20.0,-34.0|-10.0,8.0|-10,8|-36.0,,,,,,,,
INDIAN,Ocean,Equatorial.Indic-Ocean,EIO,46.5|-10,46.5|2.3,53.0|7.0,93.0|7.0,93.0|-10.0,,,,,,,,,
INDIAN,Ocean,S.Indic-Ocean,SIO,36.2|-27,53.0|-27,53.0|-10,110.0|-10.0,110.0|-36.0,31.0|-36.0,,,,,,,,
SOUTHERN,Ocean,Southern-Ocean,SOO,-180.0|-56.0,-180.0|-70.0,-80.0|-70.0,-65.0|-62.0,-56.0|-62.0,-56.0|-75.0,-25.0|-75.0,5.0|-64.0,180.0|-64.0,180.0|-50.0,155.0|-50,110.0|-36.0,8|-36.0,-56.0|-56.0
POLAR,Land,E.Antarctica,EAN,-180.0|-90.0,-180.0|-83.0,-56.0|-83.0,-56.0|-75.0,-25.0|-75.0,5.0|-64.0,180.0|-64.0,180.0|-90.0,,,,,,
POLAR,Land,W.Antarctica,WAN,-180.0|-83.0,-180.0|-70.0,-80.0|-70.0,-65.0|-62.0,-56.0|-62.0,-56.0|-83.0,,,,,,,,
